% BUILDING SIMILARITY SCORE DATABASE
%
% Usage:  build_sim();
%
              
function build_sim()
   S=[0, 0.71151, 0.64952, 0.76603, 0.66667, 0.51619, 0.44126, 0.48507, 0.25516, 0.20412, 0.23717, 0.22361, 0.20412, 0.21822, 0.2582, 0.20801, 0.24254, 0.2582, 0.21651, 0.18898, 0.23717, 0.20045, 0.17678, 0.28868, 0.16222, 0.21437, 0.17961, 0.16366, 0.22942, 0.24515, 0.1644, 0.18257, 0.15309, 0.14709, 0.17961, 0.15076, 0.2132, 0.1819, 0.17206, 0.25, 0.20851, 0.2357, 0.24056, 0.16667, 0.25, 0.29463, 0.27277, 0.30317, 0.24254, 0.28677, 0.26064, 0.28347, 0.27735, 0.21651, 0.2132, 0.3638, 0.18233, 0.26087, 0.23717, 0.16667, 0.16903, 0.18233, 0.20278, 0.22361, 0.23717, 0.15076, 0.2582, 0.24254, 0.20045, 0.2582, 0.34669, 0.1819, 0.25516, 0.29463, 0.19245, 0.2582, 0.23717, 0.17678, 0.2582, 0.27951;
   0.71151, 0, 0.7303, 0.67082, 0.73786, 0.43529, 0.3721, 0.46018, 0.32275, 0.19365, 0.3, 0.28284, 0.2582, 0.27603, 0.24495, 0.26312, 0.23009, 0.24495, 0.18257, 0.23905, 0.2, 0.33806, 0.22361, 0.36515, 0.2052, 0.27116, 0.22718, 0.20702, 0.29019, 0.24807, 0.15596, 0.28868, 0.3873, 0.18605, 0.28398, 0.28604, 0.26968, 0.23009, 0.1451, 0.31623, 0.26375, 0.29814, 0.24343, 0.21082, 0.31623, 0.22361, 0.27603, 0.23009, 0.23009, 0.21764, 0.26375, 0.17928, 0.26312, 0.18257, 0.26968, 0.23009, 0.23063, 0.2357, 0.2, 0.15811, 0.26726, 0.23063, 0.25649, 0.2357, 0.3, 0.19069, 0.24495, 0.30679, 0.25355, 0.3266, 0.35082, 0.23009, 0.19365, 0.22361, 0.18257, 0.3266, 0.2, 0.22361, 0.24495, 0.28284;
   0.64952, 0.7303, 0, 0.54433, 0.67358, 0.39736, 0.33968, 0.63013, 0.2357, 0.17678, 0.18257, 0.19365, 0.2357, 0.25198, 0.22361, 0.24019, 0.21004, 0.22361, 0.25, 0.32733, 0.27386, 0.23146, 0.20412, 0.25, 0.18732, 0.14852, 0.20739, 0.18898, 0.33113, 0.22646, 0.18983, 0.21082, 0.29463, 0.16984, 0.20739, 0.17408, 0.18464, 0.21004, 0.19868, 0.14434, 0.18058, 0.20412, 0.27778, 0.19245, 0.21651, 0.34021, 0.25198, 0.21004, 0.21004, 0.19868, 0.18058, 0.16366, 0.24019, 0.16667, 0.24618, 0.21004, 0.16843, 0.21517, 0.18257, 0.14434, 0.19518, 0.16843, 0.18732, 0.21517, 0.18257, 0.17408, 0.22361, 0.28006, 0.23146, 0.22361, 0.24019, 0.21004, 0.2357, 0.20412, 0.16667, 0.29814, 0.18257, 0.20412, 0.22361, 0.2582;
   0.76603, 0.67082, 0.54433, 0, 0.62854, 0.37852, 0.50848, 0.5145, 0.19245, 0.24056, 0.14907, 0.21082, 0.19245, 0.30861, 0.18257, 0.19612, 0.1715, 0.24343, 0.20412, 0.17817, 0.22361, 0.25198, 0.16667, 0.27217, 0.19118, 0.16169, 0.21167, 0.25717, 0.27037, 0.1849, 0.19375, 0.21517, 0.19245, 0.1849, 0.16933, 0.2132, 0.25126, 0.1715, 0.16222, 0.2357, 0.24574, 0.27778, 0.27217, 0.15713, 0.2357, 0.22222, 0.20574, 0.343, 0.22866, 0.32444, 0.24574, 0.26726, 0.26149, 0.27217, 0.25126, 0.28583, 0.20628, 0.24595, 0.18634, 0.19642, 0.15936, 0.20628, 0.26765, 0.21082, 0.29814, 0.2132, 0.24343, 0.22866, 0.18898, 0.24343, 0.26149, 0.28583, 0.28868, 0.33333, 0.2268, 0.24343, 0.37268, 0.33333, 0.24343, 0.26352;
   0.66667, 0.73786, 0.67358, 0.62854, 0, 0.30589, 0.4576, 0.32338, 0.27217, 0.20412, 0.31623, 0.22361, 0.27217, 0.21822, 0.2582, 0.1849, 0.32338, 0.2582, 0.19245, 0.25198, 0.21082, 0.26726, 0.2357, 0.28868, 0.27037, 0.1715, 0.17961, 0.21822, 0.22942, 0.26149, 0.1644, 0.36515, 0.34021, 0.26149, 0.35921, 0.30151, 0.2132, 0.24254, 0.15294, 0.25, 0.27802, 0.2357, 0.32075, 0.22222, 0.33333, 0.2357, 0.29096, 0.32338, 0.24254, 0.22942, 0.20851, 0.18898, 0.27735, 0.19245, 0.2132, 0.24254, 0.24311, 0.24845, 0.26352, 0.16667, 0.28172, 0.24311, 0.2163, 0.19876, 0.31623, 0.20101, 0.34427, 0.32338, 0.17817, 0.34427, 0.3698, 0.24254, 0.27217, 0.2357, 0.2566, 0.2582, 0.21082, 0.2357, 0.2582, 0.29814;
   0.51619, 0.43529, 0.39736, 0.37852, 0.30589, 0, 0.49491, 0.38949, 0.23415, 0.28098, 0.29019, 0.2052, 0.18732, 0.20025, 0.23694, 0.25451, 0.27821, 0.23694, 0.26491, 0.34684, 0.21764, 0.24526, 0.2163, 0.19868, 0.2233, 0.23607, 0.24723, 0.20025, 0.26316, 0.22496, 0.18858, 0.2932, 0.18732, 0.22496, 0.20602, 0.20751, 0.24456, 0.22257, 0.15789, 0.22942, 0.23918, 0.27037, 0.22076, 0.30589, 0.28677, 0.2163, 0.25031, 0.33385, 0.27821, 0.26316, 0.23918, 0.21678, 0.25451, 0.26491, 0.19565, 0.27821, 0.20078, 0.23939, 0.21764, 0.19118, 0.23267, 0.26771, 0.2233, 0.23939, 0.21764, 0.27669, 0.23694, 0.22257, 0.24526, 0.29617, 0.25451, 0.22257, 0.23415, 0.2163, 0.22076, 0.23694, 0.29019, 0.16222, 0.23694, 0.25649;
   0.44126, 0.3721, 0.33968, 0.50848, 0.4576, 0.49491, 0, 0.23783, 0.28022, 0.24019, 0.18605, 0.21926, 0.24019, 0.21398, 0.20255, 0.21757, 0.23783, 0.25318, 0.28307, 0.2965, 0.18605, 0.20966, 0.23113, 0.28307, 0.2227, 0.16817, 0.21134, 0.17118, 0.17997, 0.19231, 0.22569, 0.28645, 0.28022, 0.19231, 0.24656, 0.23652, 0.25087, 0.33296, 0.17997, 0.19612, 0.28625, 0.27735, 0.2642, 0.19612, 0.29417, 0.32358, 0.21398, 0.33296, 0.19026, 0.31494, 0.24536, 0.25944, 0.21757, 0.22646, 0.20906, 0.28539, 0.20025, 0.26312, 0.21706, 0.16343, 0.23205, 0.22885, 0.2227, 0.20465, 0.24807, 0.23652, 0.25318, 0.23783, 0.20966, 0.20255, 0.32636, 0.28539, 0.28022, 0.23113, 0.18871, 0.20255, 0.18605, 0.27735, 0.25318, 0.21926;
   0.48507, 0.46018, 0.70014, 0.5145, 0.32338, 0.38949, 0.23783, 0, 0.19803, 0.19803, 0.23009, 0.1627, 0.099015, 0.2117, 0.18787, 0.2018, 0.17647, 0.25049, 0.21004, 0.18334, 0.23009, 0.19446, 0.22866, 0.28006, 0.19672, 0.16638, 0.17424, 0.15878, 0.22257, 0.28539, 0.19936, 0.17712, 0.14852, 0.19026, 0.17424, 0.21938, 0.20684, 0.23529, 0.22257, 0.1819, 0.20229, 0.22866, 0.23338, 0.24254, 0.24254, 0.28583, 0.26463, 0.29412, 0.17647, 0.22257, 0.20229, 0.27501, 0.2018, 0.28006, 0.15513, 0.17647, 0.14151, 0.18078, 0.19174, 0.16169, 0.20498, 0.17689, 0.19672, 0.18078, 0.15339, 0.21938, 0.18787, 0.17647, 0.19446, 0.18787, 0.2018, 0.23529, 0.24754, 0.22866, 0.23338, 0.25049, 0.23009, 0.25725, 0.18787, 0.21693;
   0.20412, 0.32275, 0.17678, 0.19245, 0.27217, 0.28098, 0.24019, 0.19803, 0, 0.54167, 0.45185, 0.59337, 0.25, 0.53452, 0.31623, 0.28307, 0.29704, 0.31623, 0.2357, 0.30861, 0.2582, 0.21822, 0.24056, 0.29463, 0.39736, 0.24505, 0.29329, 0.22272, 0.23415, 0.16013, 0.2349, 0.37268, 0.29167, 0.32026, 0.36662, 0.30773, 0.26112, 0.44557, 0.23415, 0.20412, 0.25538, 0.24056, 0.43212, 0.27217, 0.25516, 0.28868, 0.26726, 0.24754, 0.29704, 0.23415, 0.25538, 0.27003, 0.22646, 0.29463, 0.2176, 0.29704, 0.26797, 0.24343, 0.19365, 0.23814, 0.20702, 0.20842, 0.26491, 0.24343, 0.19365, 0.18464, 0.26352, 0.29704, 0.16366, 0.26352, 0.22646, 0.24754, 0.25, 0.28868, 0.19642, 0.26352, 0.2582, 0.28868, 0.21082, 0.3195;
   0.20412, 0.2582, 0.17678, 0.19245, 0.20412, 0.23415, 0.24019, 0.14852, 0.58333, 0, 0.3873, 0.63901, 0.25, 0.62361, 0.36893, 0.56614, 0.19803, 0.26352, 0.2357, 0.23146, 0.2582, 0.21822, 0.14434, 0.17678, 0.19868, 0.17504, 0.21997, 0.22272, 0.23415, 0.16013, 0.16779, 0.18634, 0.20833, 0.16013, 0.21997, 0.12309, 0.17408, 0.19803, 0.23415, 0.20412, 0.21281, 0.24056, 0.2357, 0.13608, 0.20412, 0.19245, 0.22272, 0.19803, 0.24754, 0.28098, 0.17025, 0.23146, 0.16984, 0.2357, 0.2176, 0.19803, 0.17865, 0.213, 0.22592, 0.27217, 0.24152, 0.20842, 0.16557, 0.24343, 0.19365, 0.18464, 0.21082, 0.24754, 0.32733, 0.21082, 0.33968, 0.19803, 0.20833, 0.24056, 0.2357, 0.31623, 0.2582, 0.21651, 0.26352, 0.18257;
   0.31623, 0.3, 0.18257, 0.14907, 0.31623, 0.29019, 0.18605, 0.23009, 0.45185, 0.3873, 0, 0.49497, 0.3873, 0.34503, 0.4899, 0.52623, 0.23009, 0.24495, 0.18257, 0.35857, 0.3, 0.25355, 0.22361, 0.18257, 0.2052, 0.21693, 0.22718, 0.20702, 0.21764, 0.24807, 0.20795, 0.17321, 0.2582, 0.18605, 0.17039, 0.19069, 0.20226, 0.23009, 0.21764, 0.23717, 0.26375, 0.29814, 0.30429, 0.21082, 0.15811, 0.22361, 0.20702, 0.30679, 0.23009, 0.21764, 0.19781, 0.17928, 0.17541, 0.27386, 0.20226, 0.15339, 0.27676, 0.2357, 0.25, 0.21082, 0.21381, 0.18451, 0.30779, 0.18856, 0.2, 0.19069, 0.1633, 0.30679, 0.25355, 0.24495, 0.17541, 0.23009, 0.19365, 0.14907, 0.24343, 0.3266, 0.2, 0.33541, 0.24495, 0.21213;
